2020-09-06 20:10:06Z
    0 157257.5 182713.8 0
    0 46823.77 233079.7 0
    0 36565.68 237337.1 0
    0 41093.18 237158.1 0
    0 33501.22 239054 0
    0 66818.52 211611 0
    0 67586.05 210537.7 0
    0 98822.27 198307.9 0
    0 106030.4 193627.7 0
    0 108423.7 193050.1 0
    0 161238.5 187091 0
    0 211521.7 162607 0
    0 220702.8 160255.6 0
    0 236410.1 156137.8 0
    0 270447.5 130497.3 0
    0 255381.5 61628.29 0
    0 253008.4 61945.1 0
    0 249843.9 62972.37 0
    0 236079.9 29919.88 0
    0 226303.8 44058.99 0
    0 243339.7 155339 0
    0 228703 162168.8 0
    0 206501.5 166658.3 0
    0 216072.2 158551 0
    0 212165.8 151720.3 0
    0 150499.7 161774 0
    0 142799.8 154899.8 0
    0 153668.6 158674.2 0
    0 185919.1 148855.9 0
    0 78191.21 224981.8 0
    0 76027.4 225106.8 0
    0 20089.45 269745.8 0
    0 311430.5 81169.44 0
    0 313720.8 107239.2 0
    0 294145.4 106945.2 0
    0 297281.3 109208.7 0
    0 365577.5 22282.48 0
    0 356375.3 23231.94 0
    0 340345.8 19635.89 0
    0 330745.2 22767.72 0
    0 299295.4 118855.6 0
    0 349582.2 130474 0
    0 348001.8 128534.7 0
    0 342284.1 129252.7 0
    0 354118.2 128698.3 0
    0 360973.1 95607.54 0
    0 261694.3 147939.6 0
    0 261420.1 152192.3 0
    0 266391.2 146993.3 0
    0 288864.4 119339 0
    0 159906.4 183070.2 0
    0 28196.06 237307.9 0
    0 36024.08 251431.8 0
    0 32971.73 265142.1 0
    0 77348.8 229237.2 0
    0 57357.71 146518.3 0
    0 103715.4 144234.5 0
    0 117841 68002 0
    0 70080.92 104598.9 0
    0 124062 162771.2 0
    0 348211.5 136117.5 0
    0 274720.6 127591.4 0
    0 95456.1 198787.2 0
    0 245697 94164.67 0
    0 263411.2 131491 0
    0 239911.4 137437.3 0
    0 150890.8 186155 0
    0 162327.7 185660.1 0
    0 277925.6 115668.5 0
    0 242762.2 99307.47 0
    0 95596.02 58502.06 0
    0 37611.14 256841.4 0
    0 34736.53 257672.9 0
    0 207254.4 163392 0
    0 361226.2 118948.4 0
