 >>> BOTH ARMIES RADAR CONTACTS <<< 
p10d9467ce3f870ca0a78a9669706fa29
230555.433527802,94905.971574597,49.8694447394533,1.09449153878662,2,F,265,193,2,AW9,1,Bf-109E-1,1823198705,
313427.764816206,98184.4277567809,49.8987316556566,2.2650803544797,2,F,307,220,2,BE9,3,Bf-109E-1,-1588248521,
304171.102600801,98643.2932013472,49.9028299817862,2.13430224142037,2,F,97,199,2,BD10,1,Bf-109E-1,257114764,
300316.987414271,99623.687648677,49.9115857147275,2.07983038586669,2,B,90,207,7,BD10,16,Ju-87B-2,179874948,
306186.306741681,109667.216479444,50.0012457267409,2.16277963989129,2,F,92,197,2,BD11,1,Bf-109E-1,-905684650,
275673.917650538,115086.18286141,50.0496040766766,1.73142037275219,2,F,91,217,8,BA11,2,Bf-109E-3,-1056574656,
265609.90016185,126888.716343151,50.1549283597092,1.58916080119898,2,F,93,199,2,AZ12,1,Bf-109E-3,1672308699,
330356.096473139,136426.312941097,50.2400816007562,2.50397401881261,2,F,357,320,17,BG13,2,Bf-109E-4,-312059590,
337307.174613991,141100.165522147,50.2818370280203,2.60193140627484,2,F,107,323,17,BG14,1,Bf-109E-4,1137323538,
335832.558248626,142465.932189475,50.2940428289746,2.58115834054663,2,F,76,323,17,BG14,2,Bf-109E-4,-694396614,
282325.036658486,126519.541161285,50.151633356385,1.82545893092158,2,F,313,208,7,BB12,2,Bf-109E-3,-1056509120,
280355.261185168,128905.295008726,50.1729280627994,1.79760781816132,2,F,127,217,8,BB13,2,Bf-109E-3,1227186832,
311448.785137952,133717.937279361,50.2158944334832,2.23712833342406,2,F,112,198,2,BE13,1,Bf-109E-4,1242768848,
255333.827851125,168650.319394955,50.5286014412859,1.44398144962806,2,F,329,318,16,AY17,1,Bf-109E-4,48678901,
249404.869681403,178134.444472957,50.6139128525803,1.36026977825614,2,F,175,319,16,AY17,2,Bf-109E-4,-319708156,
261456.604886673,170609.365585341,50.5462048770739,1.53047165175962,2,F,321,317,16,AZ17,1,Bf-109E-4,72679590,
255862.861060442,179232.991878137,50.6238098643771,1.45145300039128,2,F,214,318,16,AY18,1,Bf-109E-4,-1285773250,
267578.7874362,173670.881396948,50.5737335996783,1.61698727762264,2,F,200,317,16,AZ17,1,Bf-109E-4,-1633397576,
258196.990738421,179806.14406601,50.6289748446672,1.48442164236118,2,F,219,317,16,AY18,1,Bf-109E-4,-1482507570,
254641.111417403,184573.770955484,50.6719755663122,1.43419867955592,2,F,180,319,16,AY18,1,Bf-109E-4,2137111139,
254099.960994194,185116.241002424,50.6768725985573,1.42655676372979,2,F,188,319,16,AY18,1,Bf-109E-4,-995056743,
263397.410594382,180734.521835996,50.6373429421949,1.55789491130676,2,F,237,316,16,AZ18,1,Bf-109E-4,-1447657486,
261202.492198455,181320.550338186,50.6426264948977,1.52688132758059,2,F,188,317,16,AZ18,2,Bf-109E-4,-277741193,
266468.803289746,179476.512125147,50.6260042414833,1.60129942742065,2,F,169,318,16,AZ18,1,Bf-109E-4,-326912205,
265580.996149719,180195.68156423,50.632485708764,1.58875231863305,2,F,237,316,16,AZ18,3,Bf-109E-4,804834808,
271993.875802237,175849.155818913,50.5933349283228,1.67939506904232,2,F,288,134,1,BA17,1,Bf-109E-4,864521572,
275435.464576611,175866.601592354,50.5934919656202,1.7280491615599,2,F,216,318,16,BA17,1,Bf-109E-4,106805968,
266497.756013051,181955.134500312,50.6483489494281,1.60170861700647,2,F,113,148,13,AZ18,1,Bf-109E-4,960862857,
281211.973838885,173860.090228999,50.5754357159663,1.80972101478763,2,F,286,135,3,BB17,1,Bf-109E-4,269250925,
269405.124187649,179439.053142894,50.625666685185,1.64280138232949,2,F,160,319,16,BA18,1,Bf-109E-4,885058221,
263108.59861351,184345.649031843,50.6699165144601,1.55381384224848,2,F,95,321,16,AZ18,1,Bf-109E-4,1846394632,
258558.921092568,196855.622876121,50.7830825059802,1.4895342774136,2,F,263,315,16,AZ19,2,Bf-109E-4,1684510396,
276511.308092354,179218.904727947,50.6236829292613,1.74325941809592,2,F,196,318,16,BA18,1,Bf-109E-4,-333658123,
267181.425186098,187465.206994703,50.6980879787741,1.61137110107713,2,F,184,318,16,AZ18,1,Bf-109E-4,1219897973,
277612.893948406,180054.71973555,50.6312151832325,1.75883399930658,2,F,159,318,16,BA18,2,Bf-109E-4,-470598162,
272642.496381878,186761.063268821,50.6917264711795,1.68856428622761,2,F,136,344,18,BA18,2,Bf-109E-4,-1796720397,
270145.908437917,191142.295502796,50.7313343534209,1.65327247260545,2,F,355,317,16,BA19,2,Bf-109E-4,-1912269909,
270563.798560605,190038.104271619,50.7213461359732,1.65917954635408,2,F,106,321,16,BA19,1,Bf-109E-4,-684846389,
278546.042370628,188563.151690122,50.7080104075823,1.77202741945313,2,F,147,319,16,BB19,2,Bf-109E-4,-1489711619,
285954.925871784,206716.131052672,50.8726768496456,1.87678348488981,2,F,140,196,2,BB20,2,Bf-109E-4,-1533965065,
288036.990801657,206562.446125588,50.8712775137392,1.90622251237265,2,F,147,130,1,BB20,1,Bf-109E-4,-288276386,
326955.712009746,82895.6414777385,49.7620488020267,2.45602236987409,2,F,308,226,4,BF8,1,Bf-109E-4N,1140569298,
266057.031572581,180597.59055228,50.6361085319794,1.59547991175886,2,F,328,133,1,AZ18,1,Bf-109E-4,-1856467612,
289496.965621818,134116.896549928,50.2194569754823,1.926865277621,2,F,327,194,2,BC13,3,Bf-109E-3,-1486114507,
258005.690450107,131670.88320648,50.1976168942615,1.48171938519221,2,F,47,196,2,AY13,1,Bf-109E-3,106224758,
266021.077501445,181570.889089817,50.6448838198029,1.59497178337201,2,F,91,153,15,AZ18,1,Bf-109E-4,578525833,
261734.494997579,176518.746871269,50.5993628052983,1.53439799063813,2,F,22,152,15,AZ17,1,Bf-109E-4,-309657434,
256834.758506833,179240.92489402,50.6238813466677,1.46517994764683,2,F,50,320,16,AY18,1,Bf-109E-4,-1067183413,
263622.847433414,183792.711036175,50.6649262984325,1.56108050340713,2,F,45,320,16,AZ18,1,Bf-109E-4,-275531056,
283564.807116325,212679.06002695,50.9270466132443,1.842988533409,2,F,155,135,1,BB21,1,Bf-109E-4,-1151628041,
